14
35
35
21
39
34
18
43
35
42
26
43
18
16
46
20
46
39
26
43
35
39
42
46
26
12
42
35
35
35
42
42
35
42
29
21
34
12
46
35
20
23
35
46
34
14
29
42
39
29
34
35
46
43
22
23
20
35
35
39
39
46
35
22
42
26
18
22
35
46
23
34
21
29
39
14
42
35
42
16
35
42
18
34
22
42
20
43
42
9
34
20
46
43
46
20
22
18
46
34
21
34
26
43
46
16
39
43
35
26
12
29
21
39
29
23
35
26
34
39
29
35
35
35
35
29
29
18
35
35
46
26
21
29
20
29
21
23
43
35
39
35
34
26
22
29
18
23
35
20
23
20
22
39
21
9
29
46
12
35
35
35
35
26
35
43
18
42
42
21
35
14
43
42
35
23
35
35
23
34
46
39
21
43
34
43
46
12
35
42
18
35
23
34
23
35
16
42
26
34
43
42
39
23
29
35
14
39
7
34
46
21
35
35
26
46
43
46
23
29
43
22
7
21
21
18
34
46
42
43
46
26
22
35
35
23
39
9
35
39
18
42
39
7
46
14
22
16
43
34
35
39
23
35
20
34
39
22
34
42
22
22
42
35
39
7
43
39
35
29
14
26
12
46
46
43
16
9
12
9
43
21
18
22
42
14
21
22
46
39
35
42
29
29
46
35
12
46
18
43
39
26
9
34
35
35
42
16
46
34
35
46
16
39
35
20
35
34
35
43
43
26
46
16
22
12
35
12
14
35
21
35
26
43
20
39
34
34
9
9
42
43
35
20
46
26
46
42
29
42
46
35
39
35
35
16
34
35
20
34
39
35
43
21
12
18
43
26
35
42
35
35
35
42
23
21
35
39
43
43
43
14
35
34
42
29
22
43
43
29
39
35
23
29
26
16
26
16
23
34
34
7
22
34
43
29
26
42
46
39
23
43
34
35
34
39
14
42
29
35
46
46
46
35
42
14
18
20
46
35
35
16
35
20
16
35
23
46
43
22
12
29
21
35
42
46
42
29
26
35
23
46
35
7
22
34
22
42
29
20
18
35
35
35
35
46
43
46
21
39
14
39
35
35
35
20
21
35
43
14
7
18
35
35
35
39
35
43
23
26
43
35
23
20
35
39
35
35
22
26
35
42
39
29
35
29
42
46
35
16
46
20
9
39
43
26
18
43
39
43
46
16
42
35
42
35