          11           1           4          20          18           5          16           3           1          13           9           3
          16           7           6          12           6          18           9           3           1          18          13           6
           9          14          13           4           4          10          13          13           1          13          15          20
           6          14           6           4          12          17           1           6           5          11          15          13
          18          15           5           4           6           3           8          17          12          10           4          18
          18           6           4           8          13           9          16           8           4           6          17           5
          20          15          18          11          13           4          13           7          10          13          16           5
           8          13          12           3          13          19           5          12           6           3           6          12
           8          16           6           5          20           5           9           3           6           7          18           3
          10           9          14          15          20          18          15          17           4           9           5          18
          15           4           1           4           1          15          15          16          10          10           6           9
          20          15          12          15          20          17           3          10          18           4           5           9
           8          15          16          17           1          12          17          12           8          18          20          19
          15           6          14          10          10           1          10           9           4           3          16          13
          13          20           1          11           3          13           4          17          10           4          17           5
           6          18          20           3           5           3           6          14          10          13          16          10
          17           5          17           1           7          13           9           5           3          13          18          17
          15           4          11          18           2           5           6          20           4           1           9           6
           3           6          17          15           3           8           2          20          20          16           5           6
          13           3           6           9           8           1           4          17          18          19          10          18
          16          13          18           2           6          11           8           7           3           5           1          18
          17           4          12           5          18           8           5          13           8           8          13          10
          18           2           3          18           4          15          11           9          14           6           6           3
           7          19          14          19           3          20          16           8          13          11          20           8
           6          18          10          13          15          15           6           1          14           6          16           3
          18           9          19           5           4           1          13           7           6           5           1           6
           7          18           1          12           1           5           4           3           3           9           6           7
           8          14          10          14          11           1          20           1           9           3          12          18
           5           5          19          19          13           3           1          12           6           9           6          13
          15          13           6           4          18           4           1           7           5           1          12           5
          18          10           3          20          14          16           3           9          10          13          10           1
           4          13          17          20          10          18           3           3           3          11           4           5
          13          15           8           3           3          15          18           1          17          15           9           7
           9           7          17           5           5           2           8           5           3          15           9          13
           6          18          17           3           5           4           5          18          11          13          15           1
           6           6           6           1          13          11          16          12           6          10           1           7
          10          12           7           4          17           6           3           8          14          15          20          10
          13           6          13          15           9          10          17           6           4           2           8           5
           8          13          15          12          16           4           1           1           4           6           3           6
          20          18          11          18          10          10           1          12          20           4           3          11
           2          16           4          10           1          18          10           3          17           9           3          10
          17          12           4          18           1          10           8           9          10          13          18          15
          10          15          13           6          10           7           6          12          19          18           3           9
          16           3          18           3           6           7          13           1          13          10