    11     8     8     6    20    18     8     6    14     1    17    17    14
     4     1    10     8    10     1     4    15    13    18    15    10     6
    17    20    18    18    10     4    20     3    12    18     9     1    10
     6    10     8    17    12    18    17    15     6    16    13    10    10
     3     3    12    11    12     3     8     4     8    18    14    15    10
     9    14     5    12    12    16     8    13    18    20    17     9     1
     9    18     9    10    10     2     3    11    12    12     7     5    10
    11    13     3     8    13    13     5     1     6    17    13     1    15
     4     1     4     3     4     4    10     9    16     8    20    16    14
     3     6    14     8    15     8     6    16    10     8     6     9    12
    18     4    18     9    10    12     8    12    16     5     1    15     7
    10     1     8    10     1     1    17     6    16     6     9    16    12
    17    18     1    18    10    16    14    15     8    16     4    10     6
     6    16    18    10     8     5     3    20     7     6     4    20    20
     3    16     3     8     9    12    10    12    15     8     4    13     9
    10    12    13    10    20    11    17    13    15     4     5    16    17
    10    10     4     8    15     4    12     1     8     8    14    20    15
     8    10    15    15     1     5     8     9    18    17    12     6     8
    15     1     1    10     1     1     6    14     8    13     5    16    17
    10    12    16    14     5    20     4    10    11     1     3     1    10
     4    17    14     6    12    16     3     9     9    16    16     1     9
     3     4    18    10    12     9     5     4     4     5    11     3    15
    20    16    12    18     8     3    10    17    16    16     3     8     8
     4     9    18     9    15     6     9    18    12    18    18    16    10
    17    14    10     3     4     3    16    11     3     1    18    18    16
     7    20    10    15    15     8    10     3    16    15     9     3     5
     9    15    16     9    12    16     6    10     9     5    13     8     8
     1    18     8     4     4     1     7    18     5    10    16     9    12
     4    12    17    10    17     9    20    19     1    16    15     8     1
    15     4     6    15     9     5     6    18     6    10    17     8    18
    16    14    15    13     9     6    10     3     4    12     8    10    16
    14    11    17    12     9     8     8    10     9     8     8     4    13
    17     3     9     9    20     8    10     4    16    16     3    12    10
    16     4     3    10     1     4    14    10    16    16    10     3    18
     6     4     1     8     8     8     6     9     8    18     9    10    13
     1    18    18     9     8     3    11     5     4     6     9    10    10
     6    16     3    13     3    11     8     6     4    19     9     9    18
     1     1    16     4     9     8     1     9     6     5     1     3     5
     6    17     4     8     6     3
